1111111111111111111111111111
1222222222222112222222222221
1211112111112112111112111121
1311112111112112111112111131
1211112111112112111112111121
1222222222222222222222222221
1211112112111111112112111121
1211112112111111112112111121
1322222112222112222112222231
1111112111110110111112111111
0000012111110110111112100000
0000012110000000000112100000
0000012110111111110112100000
0000012110100000010112100000
0000012000100000010002100000
0000012110100678010112100000
0000012110111111110112100000
0000012110000000000112100000
0000012110111111110112100000
1111112110111111110112111111
1322222222222112222222222231
1211112111112112111112111121
1211112111112112111112111121
1222112222222242222222112221
1112112112111111112112112111
1112112112111111112112112111
1222222112222112222112222221
1211111111112112111111111121
1211111111112112111111111121
1222222222222222222222222221
1111111111111111111111111111